0 -1698.57 -3900.13 -5288.6 6.99679 -2.15742 -0.662855 -51.3642 -113.534 422.021 8796.52 -174.863 -40.0786
1 -1691.57 -3902.28 -5289.26 6.99862 -2.1535 -0.656112 -51.3731 -113.436 422.029 8796.65 -174.925 -40.0793
2 -1684.57 -3904.43 -5289.91 7.00045 -2.14958 -0.649369 -51.3818 -113.338 422.038 8796.77 -174.988 -40.0801
3 -1677.57 -3906.58 -5290.56 7.00226 -2.14566 -0.642625 -51.3904 -113.24 422.046 8796.9 -175.05 -40.0808
4 -1670.57 -3908.73 -5291.2 7.00407 -2.14173 -0.63588 -51.399 -113.142 422.054 8797.02 -175.113 -40.0816
5 -1663.56 -3910.87 -5291.83 7.00587 -2.13781 -0.629135 -51.4074 -113.043 422.062 8797.15 -175.175 -40.0823
6 -1656.55 -3913 -5292.45 7.00766 -2.13388 -0.622388 -51.4158 -112.945 422.071 8797.27 -175.238 -40.0831
7 -1649.54 -3915.13 -5293.07 7.00944 -2.12994 -0.615641 -51.4241 -112.847 422.079 8797.39 -175.3 -40.0838
8 -1642.53 -3917.26 -5293.69 7.01121 -2.12601 -0.608893 -51.4323 -112.749 422.087 8797.52 -175.363 -40.0846
9 -1635.52 -3919.39 -5294.29 7.01298 -2.12207 -0.602144 -51.4404 -112.65 422.095 8797.64 -175.426 -40.0853
10 -1628.51 -3921.51 -5294.89 7.01473 -2.11813 -0.595395 -51.4484 -112.552 422.103 8797.77 -175.488 -40.0861
11 -1621.49 -3923.62 -5295.48 7.01648 -2.11419 -0.588645 -51.4563 -112.454 422.111 8797.89 -175.551 -40.0868
12 -1614.48 -3925.73 -5296.07 7.01822 -2.11025 -0.581894 -51.4641 -112.355 422.119 8798.01 -175.613 -40.0876
13 -1607.46 -3927.84 -5296.65 7.01995 -2.1063 -0.575142 -51.4719 -112.257 422.128 8798.14 -175.676 -40.0883
14 -1600.44 -3929.95 -5297.22 7.02168 -2.10235 -0.56839 -51.4795 -112.158 422.135 8798.26 -175.738 -40.0891
15 -1593.41 -3932.05 -5297.78 7.02339 -2.0984 -0.561636 -51.4871 -112.06 422.143 8798.39 -175.801 -40.0898
16 -1586.39 -3934.14 -5298.34 7.0251 -2.09444 -0.554883 -51.4946 -111.961 422.151 8798.51 -175.864 -40.0905
17 -1579.36 -3936.24 -5298.89 7.0268 -2.09049 -0.548128 -51.502 -111.862 422.159 8798.63 -175.926 -40.0913
18 -1572.34 -3938.32 -5299.44 7.02849 -2.08653 -0.541373 -51.5093 -111.764 422.167 8798.76 -175.989 -40.092
19 -1565.31 -3940.41 -5299.98 7.03017 -2.08257 -0.534617 -51.5165 -111.665 422.175 8798.88 -176.051 -40.0928
20 -1558.28 -3942.49 -5300.51 7.03184 -2.0786 -0.527861 -51.5236 -111.566 422.183 8799.01 -176.114 -40.0935
21 -1551.24 -3944.57 -5301.03 7.03351 -2.07464 -0.521104 -51.5306 -111.468 422.19 8799.13 -176.176 -40.0943
22 -1544.21 -3946.64 -5301.55 7.03516 -2.07067 -0.514346 -51.5375 -111.369 422.198 8799.25 -176.239 -40.095
23 -1537.17 -3948.71 -5302.06 7.03681 -2.0667 -0.507588 -51.5444 -111.27 422.206 8799.38 -176.301 -40.0958
24 -1530.13 -3950.77 -5302.56 7.03845 -2.06273 -0.500829 -51.5511 -111.171 422.214 8799.5 -176.364 -40.0965
25 -1523.1 -3952.83 -5303.06 7.04008 -2.05875 -0.494069 -51.5578 -111.073 422.221 8799.63 -176.427 -40.0972
26 -1516.05 -3954.89 -5303.55 7.04171 -2.05477 -0.487309 -51.5644 -110.974 422.229 8799.75 -176.489 -40.098
27 -1509.01 -3956.94 -5304.04 7.04332 -2.05079 -0.480548 -51.5709 -110.875 422.236 8799.87 -176.552 -40.0987
28 -1501.97 -3958.99 -5304.51 7.04493 -2.04681 -0.473787 -51.5772 -110.776 422.244 8800 -176.614 -40.0995
29 -1494.92 -3961.04 -5304.98 7.04653 -2.04283 -0.467025 -51.5835 -110.677 422.251 8800.12 -176.677 -40.1002
30 -1487.88 -3963.08 -5305.45 7.04812 -2.03884 -0.460262 -51.5898 -110.578 422.259 8800.25 -176.739 -40.1009
31 -1480.83 -3965.11 -5305.9 7.0497 -2.03485 -0.453499 -51.5959 -110.479 422.266 8800.37 -176.802 -40.1017
32 -1473.78 -3967.15 -5306.35 7.05127 -2.03086 -0.446735 -51.6019 -110.38 422.274 8800.49 -176.864 -40.1024
33 -1466.72 -3969.18 -5306.8 7.05284 -2.02686 -0.439971 -51.6078 -110.281 422.281 8800.62 -176.927 -40.1032
34 -1459.67 -3971.2 -5307.23 7.0544 -2.02287 -0.433206 -51.6137 -110.182 422.288 8800.74 -176.99 -40.1039
35 -1452.62 -3973.22 -5307.66 7.05594 -2.01887 -0.426441 -51.6195 -110.082 422.296 8800.87 -177.052 -40.1047
36 -1445.56 -3975.24 -5308.09 7.05748 -2.01487 -0.419675 -51.6251 -109.983 422.303 8800.99 -177.115 -40.1054
37 -1438.5 -3977.25 -5308.5 7.05902 -2.01086 -0.412908 -51.6307 -109.884 422.31 8801.11 -177.177 -40.1061
38 -1431.44 -3979.26 -5308.91 7.06054 -2.00686 -0.406141 -51.6362 -109.785 422.317 8801.24 -177.24 -40.1069
39 -1424.38 -3981.26 -5309.32 7.06205 -2.00285 -0.399374 -51.6416 -109.686 422.324 8801.36 -177.302 -40.1076
40 -1417.32 -3983.27 -5309.71 7.06356 -1.99884 -0.392606 -51.6469 -109.586 422.331 8801.48 -177.365 -40.1083
41 -1410.25 -3985.26 -5310.1 7.06506 -1.99483 -0.385838 -51.6521 -109.487 422.339 8801.61 -177.427 -40.1091
42 -1403.19 -3987.25 -5310.48 7.06655 -1.99081 -0.379069 -51.6572 -109.388 422.346 8801.73 -177.49 -40.1098
43 -1396.12 -3989.24 -5310.86 7.06803 -1.98679 -0.3723 -51.6622 -109.289 422.353 8801.86 -177.553 -40.1106
44 -1389.05 -3991.23 -5311.23 7.0695 -1.98278 -0.36553 -51.6672 -109.189 422.36 8801.98 -177.615 -40.1113
45 -1381.98 -3993.21 -5311.59 7.07097 -1.97875 -0.35876 -51.672 -109.09 422.367 8802.1 -177.678 -40.112
46 -1374.91 -3995.19 -5311.95 7.07242 -1.97473 -0.351989 -51.6768 -108.99 422.373 8802.23 -177.74 -40.1128
47 -1367.84 -3997.16 -5312.29 7.07387 -1.9707 -0.345218 -51.6815 -108.891 422.38 8802.35 -177.803 -40.1135
48 -1360.76 -3999.13 -5312.64 7.07531 -1.96667 -0.338447 -51.686 -108.792 422.387 8802.47 -177.865 -40.1142
49 -1353.68 -4001.09 -5312.97 7.07674 -1.96264 -0.331675 -51.6905 -108.692 422.394 8802.6 -177.928 -40.115
50 -1346.61 -4003.05 -5313.3 7.07817 -1.95861 -0.324902 -51.6949 -108.593 422.401 8802.72 -177.99 -40.1157
51 -1339.53 -4005.01 -5313.62 7.07958 -1.95458 -0.31813 -51.6992 -108.493 422.408 8802.85 -178.053 -40.1165
52 -1332.45 -4006.96 -5313.94 7.08099 -1.95054 -0.311357 -51.7034 -108.394 422.414 8802.97 -178.116 -40.1172
53 -1325.37 -4008.91 -5314.24 7.08238 -1.9465 -0.304583 -51.7075 -108.294 422.421 8803.09 -178.178 -40.1179
54 -1318.28 -4010.85 -5314.54 7.08377 -1.94246 -0.297809 -51.7116 -108.195 422.428 8803.22 -178.241 -40.1187
55 -1311.2 -4012.8 -5314.84 7.08515 -1.93841 -0.291035 -51.7155 -108.095 422.434 8803.34 -178.303 -40.1194
56 -1304.11 -4014.73 -5315.13 7.08653 -1.93437 -0.284261 -51.7193 -107.995 422.441 8803.46 -178.366 -40.1201
57 -1297.03 -4016.66 -5315.41 7.08789 -1.93032 -0.277486 -51.7231 -107.896 422.447 8803.59 -178.428 -40.1209
58 -1289.94 -4018.59 -5315.68 7.08925 -1.92627 -0.270711 -51.7267 -107.796 422.454 8803.71 -178.491 -40.1216
59 -1282.85 -4020.52 -5315.95 7.09059 -1.92221 -0.263935 -51.7303 -107.697 422.46 8803.83 -178.553 -40.1223
60 -1275.76 -4022.44 -5316.21 7.09193 -1.91816 -0.257159 -51.7338 -107.597 422.467 8803.96 -178.616 -40.1231
