0 41259.1 -8561.83 -1990.69 0.0138849 -0.0098685 0.210804 -2.7075 -11.7233 35807 43159.7 90.2881 -13.0067
1 41259.1 -8561.84 -1990.48 0.0138838 -0.00987059 0.210814 -2.70721 -11.7233 35807 43159.7 90.2879 -13.0065
2 41259.1 -8561.85 -1990.27 0.0138827 -0.00987268 0.210825 -2.70692 -11.7233 35807 43159.7 90.2876 -13.0064
3 41259.1 -8561.86 -1990.06 0.0138816 -0.00987477 0.210835 -2.70664 -11.7233 35807 43159.7 90.2874 -13.0062
4 41259.1 -8561.87 -1989.85 0.0138805 -0.00987686 0.210846 -2.70635 -11.7233 35807 43159.7 90.2872 -13.006
5 41259.1 -8561.88 -1989.64 0.0138793 -0.00987895 0.210857 -2.70606 -11.7233 35807 43159.7 90.2869 -13.0059
6 41259.2 -8561.89 -1989.43 0.0138782 -0.00988104 0.210867 -2.70577 -11.7233 35807 43159.6 90.2867 -13.0057
7 41259.2 -8561.9 -1989.21 0.0138771 -0.00988313 0.210878 -2.70549 -11.7234 35807 43159.6 90.2864 -13.0056
8 41259.2 -8561.91 -1989 0.013876 -0.00988522 0.210888 -2.7052 -11.7234 35807 43159.6 90.2862 -13.0054
9 41259.2 -8561.92 -1988.79 0.0138748 -0.00988731 0.210899 -2.70491 -11.7234 35807 43159.6 90.286 -13.0053
10 41259.2 -8561.93 -1988.58 0.0138737 -0.0098894 0.210909 -2.70463 -11.7234 35807 43159.6 90.2857 -13.0051
11 41259.2 -8561.94 -1988.37 0.0138726 -0.00989149 0.21092 -2.70434 -11.7234 35807 43159.6 90.2855 -13.0049
12 41259.2 -8561.95 -1988.16 0.0138715 -0.00989358 0.21093 -2.70405 -11.7234 35807 43159.6 90.2853 -13.0048
13 41259.3 -8561.96 -1987.95 0.0138703 -0.00989567 0.210941 -2.70376 -11.7234 35807 43159.6 90.285 -13.0046
14 41259.3 -8561.97 -1987.74 0.0138692 -0.00989776 0.210952 -2.70348 -11.7234 35807 43159.5 90.2848 -13.0045
15 41259.3 -8561.98 -1987.53 0.0138681 -0.00989985 0.210962 -2.70319 -11.7234 35807.1 43159.5 90.2845 -13.0043
16 41259.3 -8561.99 -1987.32 0.013867 -0.00990193 0.210973 -2.7029 -11.7234 35807.1 43159.5 90.2843 -13.0042
17 41259.3 -8562 -1987.11 0.0138658 -0.00990402 0.210983 -2.70261 -11.7234 35807.1 43159.5 90.2841 -13.004
18 41259.3 -8562.01 -1986.89 0.0138647 -0.00990611 0.210994 -2.70233 -11.7235 35807.1 43159.5 90.2838 -13.0038
19 41259.3 -8562.02 -1986.68 0.0138636 -0.0099082 0.211004 -2.70204 -11.7235 35807.1 43159.5 90.2836 -13.0037
20 41259.4 -8562.03 -1986.47 0.0138625 -0.00991029 0.211015 -2.70175 -11.7235 35807.1 43159.5 90.2834 -13.0035
21 41259.4 -8562.04 -1986.26 0.0138613 -0.00991238 0.211025 -2.70146 -11.7235 35807.1 43159.5 90.2831 -13.0034
22 41259.4 -8562.05 -1986.05 0.0138602 -0.00991446 0.211036 -2.70117 -11.7235 35807.1 43159.4 90.2829 -13.0032
23 41259.4 -8562.06 -1985.84 0.0138591 -0.00991655 0.211047 -2.70089 -11.7235 35807.1 43159.4 90.2826 -13.0031
24 41259.4 -8562.07 -1985.63 0.013858 -0.00991864 0.211057 -2.7006 -11.7235 35807.1 43159.4 90.2824 -13.0029
25 41259.4 -8562.08 -1985.42 0.0138568 -0.00992073 0.211068 -2.70031 -11.7235 35807.1 43159.4 90.2822 -13.0027
26 41259.4 -8562.09 -1985.21 0.0138557 -0.00992281 0.211078 -2.70002 -11.7235 35807.1 43159.4 90.2819 -13.0026
27 41259.5 -8562.1 -1985 0.0138546 -0.0099249 0.211089 -2.69974 -11.7235 35807.1 43159.4 90.2817 -13.0024
28 41259.5 -8562.11 -1984.78 0.0138534 -0.00992699 0.211099 -2.69945 -11.7235 35807.1 43159.4 90.2814 -13.0023
29 41259.5 -8562.12 -1984.57 0.0138523 -0.00992907 0.21111 -2.69916 -11.7236 35807.1 43159.4 90.2812 -13.0021
30 41259.5 -8562.13 -1984.36 0.0138512 -0.00993116 0.21112 -2.69887 -11.7236 35807.1 43159.4 90.281 -13.0019
31 41259.5 -8562.14 -1984.15 0.0138501 -0.00993325 0.211131 -2.69859 -11.7236 35807.1 43159.3 90.2807 -13.0018
32 41259.5 -8562.15 -1983.94 0.0138489 -0.00993533 0.211141 -2.6983 -11.7236 35807.1 43159.3 90.2805 -13.0016
33 41259.5 -8562.16 -1983.73 0.0138478 -0.00993742 0.211152 -2.69801 -11.7236 35807.2 43159.3 90.2803 -13.0015
34 41259.5 -8562.17 -1983.52 0.0138467 -0.00993951 0.211162 -2.69772 -11.7236 35807.2 43159.3 90.28 -13.0013
35 41259.6 -8562.18 -1983.31 0.0138455 -0.00994159 0.211173 -2.69744 -11.7236 35807.2 43159.3 90.2798 -13.0012
36 41259.6 -8562.19 -1983.1 0.0138444 -0.00994368 0.211184 -2.69715 -11.7236 35807.2 43159.3 90.2795 -13.001
37 41259.6 -8562.2 -1982.88 0.0138433 -0.00994576 0.211194 -2.69686 -11.7236 35807.2 43159.3 90.2793 -13.0008
38 41259.6 -8562.21 -1982.67 0.0138422 -0.00994785 0.211205 -2.69657 -11.7236 35807.2 43159.3 90.2791 -13.0007
39 41259.6 -8562.22 -1982.46 0.013841 -0.00994993 0.211215 -2.69628 -11.7237 35807.2 43159.2 90.2788 -13.0005
40 41259.6 -8562.23 -1982.25 0.0138399 -0.00995202 0.211226 -2.696 -11.7237 35807.2 43159.2 90.2786 -13.0004
41 41259.6 -8562.24 -1982.04 0.0138388 -0.0099541 0.211236 -2.69571 -11.7237 35807.2 43159.2 90.2783 -13.0002
42 41259.7 -8562.25 -1981.83 0.0138376 -0.00995619 0.211247 -2.69542 -11.7237 35807.2 43159.2 90.2781 -13.0001
43 41259.7 -8562.26 -1981.62 0.0138365 -0.00995827 0.211257 -2.69513 -11.7237 35807.2 43159.2 90.2779 -12.9999
44 41259.7 -8562.27 -1981.41 0.0138354 -0.00996036 0.211268 -2.69484 -11.7237 35807.2 43159.2 90.2776 -12.9997
45 41259.7 -8562.28 -1981.19 0.0138342 -0.00996244 0.211278 -2.69456 -11.7237 35807.2 43159.2 90.2774 -12.9996
46 41259.7 -8562.29 -1980.98 0.0138331 -0.00996453 0.211289 -2.69427 -11.7237 35807.2 43159.2 90.2772 -12.9994
47 41259.7 -8562.3 -1980.77 0.013832 -0.00996661 0.211299 -2.69398 -11.7237 35807.2 43159.2 90.2769 -12.9993
48 41259.7 -8562.31 -1980.56 0.0138308 -0.0099687 0.21131 -2.69369 -11.7237 35807.2 43159.1 90.2767 -12.9991
49 41259.8 -8562.32 -1980.35 0.0138297 -0.00997078 0.21132 -2.6934 -11.7237 35807.2 43159.1 90.2764 -12.9989
50 41259.8 -8562.33 -1980.14 0.0138286 -0.00997286 0.211331 -2.69312 -11.7238 35807.3 43159.1 90.2762 -12.9988
51 41259.8 -8562.34 -1979.93 0.0138274 -0.00997495 0.211341 -2.69283 -11.7238 35807.3 43159.1 90.276 -12.9986
52 41259.8 -8562.35 -1979.71 0.0138263 -0.00997703 0.211352 -2.69254 -11.7238 35807.3 43159.1 90.2757 -12.9985
53 41259.8 -8562.36 -1979.5 0.0138252 -0.00997911 0.211362 -2.69225 -11.7238 35807.3 43159.1 90.2755 -12.9983
54 41259.8 -8562.37 -1979.29 0.013824 -0.0099812 0.211373 -2.69196 -11.7238 35807.3 43159.1 90.2752 -12.9982
55 41259.8 -8562.38 -1979.08 0.0138229 -0.00998328 0.211383 -2.69168 -11.7238 35807.3 43159.1 90.275 -12.998
56 41259.9 -8562.39 -1978.87 0.0138218 -0.00998536 0.211394 -2.69139 -11.7238 35807.3 43159 90.2748 -12.9978
57 41259.9 -8562.4 -1978.66 0.0138206 -0.00998744 0.211404 -2.6911 -11.7238 35807.3 43159 90.2745 -12.9977
58 41259.9 -8562.41 -1978.45 0.0138195 -0.00998953 0.211415 -2.69081 -11.7238 35807.3 43159 90.2743 -12.9975
59 41259.9 -8562.42 -1978.24 0.0138184 -0.00999161 0.211425 -2.69052 -11.7238 35807.3 43159 90.2741 -12.9974
60 41259.9 -8562.43 -1978.02 0.0138172 -0.00999369 0.211436 -2.69024 -11.7239 35807.3 43159 90.2738 -12.9972
