0 -41909.9 -4151.1 -335.575 0.00247559 0.00316586 -0.247758 -0.45699 -174.343 35738.2 40667.3 -102.052 8.77076
1 -41909.9 -4151.09 -335.823 0.00247683 0.00316558 -0.247757 -0.457328 -174.343 35738.2 40667.3 -102.053 8.77056
2 -41909.9 -4151.09 -336.07 0.00247806 0.00316529 -0.247755 -0.457665 -174.343 35738.2 40667.3 -102.053 8.77036
3 -41909.9 -4151.09 -336.318 0.00247929 0.00316501 -0.247753 -0.458002 -174.343 35738.2 40667.4 -102.053 8.77016
4 -41909.9 -4151.08 -336.566 0.00248052 0.00316472 -0.247751 -0.45834 -174.343 35738.2 40667.4 -102.053 8.76996
5 -41909.9 -4151.08 -336.814 0.00248175 0.00316444 -0.247749 -0.458677 -174.343 35738.2 40667.4 -102.054 8.76976
6 -41909.9 -4151.08 -337.061 0.00248298 0.00316415 -0.247748 -0.459015 -174.343 35738.2 40667.4 -102.054 8.76956
7 -41909.9 -4151.07 -337.309 0.00248421 0.00316386 -0.247746 -0.459352 -174.343 35738.2 40667.4 -102.054 8.76936
8 -41909.9 -4151.07 -337.557 0.00248544 0.00316358 -0.247744 -0.459689 -174.343 35738.2 40667.5 -102.055 8.76916
9 -41909.9 -4151.07 -337.805 0.00248667 0.00316329 -0.247742 -0.460027 -174.343 35738.2 40667.5 -102.055 8.76897
10 -41909.9 -4151.06 -338.052 0.0024879 0.00316301 -0.24774 -0.460364 -174.343 35738.2 40667.5 -102.055 8.76877
11 -41909.9 -4151.06 -338.3 0.00248913 0.00316272 -0.247739 -0.460702 -174.343 35738.2 40667.5 -102.056 8.76857
12 -41909.9 -4151.06 -338.548 0.00249036 0.00316243 -0.247737 -0.461039 -174.343 35738.2 40667.5 -102.056 8.76837
13 -41909.9 -4151.05 -338.796 0.00249159 0.00316214 -0.247735 -0.461376 -174.343 35738.2 40667.6 -102.056 8.76817
14 -41909.9 -4151.05 -339.043 0.00249282 0.00316186 -0.247733 -0.461714 -174.343 35738.2 40667.6 -102.056 8.76797
15 -41909.9 -4151.05 -339.291 0.00249405 0.00316157 -0.247731 -0.462051 -174.343 35738.2 40667.6 -102.057 8.76777
16 -41909.9 -4151.04 -339.539 0.00249528 0.00316128 -0.24773 -0.462389 -174.343 35738.2 40667.6 -102.057 8.76757
17 -41909.9 -4151.04 -339.787 0.00249651 0.00316099 -0.247728 -0.462726 -174.343 35738.2 40667.6 -102.057 8.76738
18 -41909.9 -4151.04 -340.034 0.00249774 0.00316071 -0.247726 -0.463063 -174.343 35738.2 40667.7 -102.058 8.76718
19 -41909.9 -4151.03 -340.282 0.00249897 0.00316042 -0.247724 -0.463401 -174.343 35738.2 40667.7 -102.058 8.76698
20 -41909.9 -4151.03 -340.53 0.0025002 0.00316013 -0.247722 -0.463738 -174.343 35738.2 40667.7 -102.058 8.76678
21 -41909.9 -4151.03 -340.778 0.00250143 0.00315984 -0.24772 -0.464075 -174.343 35738.2 40667.7 -102.058 8.76658
22 -41909.9 -4151.02 -341.025 0.00250266 0.00315955 -0.247719 -0.464413 -174.344 35738.2 40667.7 -102.059 8.76638
23 -41909.9 -4151.02 -341.273 0.00250389 0.00315926 -0.247717 -0.46475 -174.344 35738.2 40667.8 -102.059 8.76618
24 -41909.9 -4151.02 -341.521 0.00250512 0.00315897 -0.247715 -0.465087 -174.344 35738.2 40667.8 -102.059 8.76598
25 -41909.8 -4151.01 -341.768 0.00250635 0.00315868 -0.247713 -0.465425 -174.344 35738.2 40667.8 -102.06 8.76579
26 -41909.8 -4151.01 -342.016 0.00250758 0.00315839 -0.247711 -0.465762 -174.344 35738.2 40667.8 -102.06 8.76559
27 -41909.8 -4151.01 -342.264 0.00250881 0.0031581 -0.24771 -0.4661 -174.344 35738.2 40667.8 -102.06 8.76539
28 -41909.8 -4151.01 -342.512 0.00251004 0.00315781 -0.247708 -0.466437 -174.344 35738.2 40667.9 -102.06 8.76519
29 -41909.8 -4151 -342.759 0.00251127 0.00315752 -0.247706 -0.466774 -174.344 35738.2 40667.9 -102.061 8.76499
30 -41909.8 -4151 -343.007 0.0025125 0.00315723 -0.247704 -0.467112 -174.344 35738.2 40667.9 -102.061 8.76479
31 -41909.8 -4151 -343.255 0.00251373 0.00315694 -0.247702 -0.467449 -174.344 35738.2 40667.9 -102.061 8.76459
32 -41909.8 -4150.99 -343.502 0.00251496 0.00315665 -0.2477 -0.467786 -174.344 35738.2 40667.9 -102.062 8.76439
33 -41909.8 -4150.99 -343.75 0.00251619 0.00315636 -0.247699 -0.468124 -174.344 35738.2 40668 -102.062 8.7642
34 -41909.8 -4150.99 -343.998 0.00251742 0.00315607 -0.247697 -0.468461 -174.344 35738.2 40668 -102.062 8.764
35 -41909.8 -4150.98 -344.245 0.00251865 0.00315578 -0.247695 -0.468798 -174.344 35738.2 40668 -102.062 8.7638
36 -41909.8 -4150.98 -344.493 0.00251988 0.00315549 -0.247693 -0.469136 -174.344 35738.2 40668 -102.063 8.7636
37 -41909.8 -4150.98 -344.741 0.00252111 0.0031552 -0.247691 -0.469473 -174.344 35738.2 40668 -102.063 8.7634
38 -41909.8 -4150.97 -344.989 0.00252234 0.00315491 -0.247689 -0.46981 -174.344 35738.2 40668.1 -102.063 8.7632
39 -41909.8 -4150.97 -345.236 0.00252357 0.00315461 -0.247688 -0.470148 -174.344 35738.2 40668.1 -102.064 8.763
40 -41909.8 -4150.97 -345.484 0.0025248 0.00315432 -0.247686 -0.470485 -174.344 35738.2 40668.1 -102.064 8.7628
41 -41909.8 -4150.96 -345.732 0.00252602 0.00315403 -0.247684 -0.470822 -174.344 35738.2 40668.1 -102.064 8.76261
42 -41909.8 -4150.96 -345.979 0.00252725 0.00315374 -0.247682 -0.47116 -174.344 35738.2 40668.1 -102.064 8.76241
43 -41909.8 -4150.96 -346.227 0.00252848 0.00315344 -0.24768 -0.471497 -174.344 35738.2 40668.2 -102.065 8.76221
44 -41909.8 -4150.95 -346.475 0.00252971 0.00315315 -0.247678 -0.471834 -174.344 35738.2 40668.2 -102.065 8.76201
45 -41909.8 -4150.95 -346.722 0.00253094 0.00315286 -0.247676 -0.472172 -174.344 35738.2 40668.2 -102.065 8.76181
46 -41909.8 -4150.95 -346.97 0.00253217 0.00315257 -0.247675 -0.472509 -174.344 35738.2 40668.2 -102.066 8.76161
47 -41909.8 -4150.94 -347.218 0.0025334 0.00315227 -0.247673 -0.472846 -174.344 35738.2 40668.3 -102.066 8.76141
48 -41909.8 -4150.94 -347.465 0.00253463 0.00315198 -0.247671 -0.473183 -174.344 35738.2 40668.3 -102.066 8.76121
49 -41909.8 -4150.94 -347.713 0.00253586 0.00315169 -0.247669 -0.473521 -174.344 35738.2 40668.3 -102.066 8.76102
50 -41909.8 -4150.93 -347.961 0.00253709 0.00315139 -0.247667 -0.473858 -174.344 35738.2 40668.3 -102.067 8.76082
51 -41909.8 -4150.93 -348.208 0.00253832 0.0031511 -0.247665 -0.474195 -174.344 35738.1 40668.3 -102.067 8.76062
52 -41909.8 -4150.93 -348.456 0.00253955 0.0031508 -0.247663 -0.474533 -174.344 35738.1 40668.4 -102.067 8.76042
53 -41909.8 -4150.92 -348.704 0.00254078 0.00315051 -0.247662 -0.47487 -174.344 35738.1 40668.4 -102.068 8.76022
54 -41909.8 -4150.92 -348.951 0.002542 0.00315021 -0.24766 -0.475207 -174.344 35738.1 40668.4 -102.068 8.76002
55 -41909.8 -4150.92 -349.199 0.00254323 0.00314992 -0.247658 -0.475544 -174.344 35738.1 40668.4 -102.068 8.75982
56 -41909.8 -4150.92 -349.447 0.00254446 0.00314962 -0.247656 -0.475882 -174.344 35738.1 40668.4 -102.069 8.75963
57 -41909.8 -4150.91 -349.694 0.00254569 0.00314933 -0.247654 -0.476219 -174.344 35738.1 40668.5 -102.069 8.75943
58 -41909.8 -4150.91 -349.942 0.00254692 0.00314903 -0.247652 -0.476556 -174.344 35738.1 40668.5 -102.069 8.75923
59 -41909.8 -4150.91 -350.19 0.00254815 0.00314874 -0.24765 -0.476894 -174.344 35738.1 40668.5 -102.069 8.75903
60 -41909.8 -4150.9 -350.437 0.00254938 0.00314844 -0.247649 -0.477231 -174.344 35738.1 40668.5 -102.07 8.75883
