0 603.303 41834.8 5218.13 -0.0238164 -0.00186986 -0.00521891 7.11629 89.1738 35785.5 47104.3 -21.8879 -53.1963
1 603.279 41834.8 5218.13 -0.0238167 -0.00186641 -0.00524666 7.11628 89.1738 35785.5 47104.3 -21.8879 -53.1963
2 603.256 41834.8 5218.12 -0.0238169 -0.00186296 -0.00527441 7.11628 89.1739 35785.5 47104.3 -21.888 -53.1963
3 603.232 41834.8 5218.12 -0.0238172 -0.00185951 -0.00530216 7.11627 89.1739 35785.5 47104.3 -21.888 -53.1963
4 603.208 41834.8 5218.11 -0.0238175 -0.00185606 -0.00532992 7.11626 89.1739 35785.5 47104.3 -21.8881 -53.1963
5 603.184 41834.8 5218.1 -0.0238178 -0.00185261 -0.00535767 7.11625 89.174 35785.5 47104.3 -21.8881 -53.1963
6 603.161 41834.8 5218.1 -0.023818 -0.00184915 -0.00538542 7.11625 89.174 35785.5 47104.3 -21.8882 -53.1963
7 603.137 41834.8 5218.09 -0.0238183 -0.0018457 -0.00541317 7.11624 89.174 35785.5 47104.3 -21.8882 -53.1963
8 603.113 41834.8 5218.09 -0.0238186 -0.00184225 -0.00544092 7.11623 89.174 35785.5 47104.3 -21.8883 -53.1963
9 603.089 41834.8 5218.08 -0.0238188 -0.0018388 -0.00546867 7.11623 89.1741 35785.5 47104.3 -21.8883 -53.1963
10 603.066 41834.8 5218.08 -0.0238191 -0.00183535 -0.00549643 7.11622 89.1741 35785.5 47104.3 -21.8884 -53.1963
11 603.042 41834.8 5218.07 -0.0238194 -0.00183189 -0.00552418 7.11621 89.1741 35785.5 47104.3 -21.8884 -53.1963
12 603.018 41834.8 5218.07 -0.0238196 -0.00182844 -0.00555193 7.11621 89.1742 35785.4 47104.3 -21.8885 -53.1963
13 602.994 41834.8 5218.06 -0.0238199 -0.00182499 -0.00557968 7.1162 89.1742 35785.4 47104.3 -21.8885 -53.1963
14 602.971 41834.8 5218.06 -0.0238202 -0.00182154 -0.00560743 7.11619 89.1742 35785.4 47104.3 -21.8886 -53.1963
15 602.947 41834.8 5218.05 -0.0238204 -0.00181809 -0.00563518 7.11618 89.1743 35785.4 47104.3 -21.8886 -53.1963
16 602.923 41834.8 5218.04 -0.0238207 -0.00181464 -0.00566294 7.11618 89.1743 35785.4 47104.3 -21.8887 -53.1963
17 602.899 41834.8 5218.04 -0.023821 -0.00181118 -0.00569069 7.11617 89.1743 35785.4 47104.3 -21.8887 -53.1963
18 602.875 41834.8 5218.03 -0.0238212 -0.00180773 -0.00571844 7.11616 89.1744 35785.4 47104.3 -21.8888 -53.1963
19 602.852 41834.8 5218.03 -0.0238215 -0.00180428 -0.00574619 7.11616 89.1744 35785.4 47104.3 -21.8888 -53.1963
20 602.828 41834.8 5218.02 -0.0238218 -0.00180083 -0.00577394 7.11615 89.1744 35785.4 47104.2 -21.8889 -53.1963
21 602.804 41834.8 5218.02 -0.023822 -0.00179738 -0.00580169 7.11614 89.1745 35785.4 47104.2 -21.8889 -53.1963
22 602.78 41834.8 5218.01 -0.0238223 -0.00179393 -0.00582945 7.11613 89.1745 35785.4 47104.2 -21.889 -53.1963
23 602.757 41834.8 5218 -0.0238225 -0.00179048 -0.0058572 7.11613 89.1745 35785.4 47104.2 -21.889 -53.1963
24 602.733 41834.8 5218 -0.0238228 -0.00178702 -0.00588495 7.11612 89.1746 35785.4 47104.2 -21.8891 -53.1963
25 602.709 41834.8 5217.99 -0.0238231 -0.00178357 -0.0059127 7.11611 89.1746 35785.4 47104.2 -21.8891 -53.1963
26 602.685 41834.8 5217.99 -0.0238233 -0.00178012 -0.00594045 7.1161 89.1746 35785.4 47104.2 -21.8892 -53.1963
27 602.662 41834.7 5217.98 -0.0238236 -0.00177667 -0.0059682 7.1161 89.1747 35785.4 47104.2 -21.8892 -53.1963
28 602.638 41834.7 5217.97 -0.0238238 -0.00177322 -0.00599595 7.11609 89.1747 35785.4 47104.2 -21.8893 -53.1963
29 602.614 41834.7 5217.97 -0.0238241 -0.00176977 -0.0060237 7.11608 89.1747 35785.4 47104.2 -21.8893 -53.1962
30 602.59 41834.7 5217.96 -0.0238244 -0.00176631 -0.00605146 7.11607 89.1748 35785.4 47104.2 -21.8894 -53.1962
31 602.566 41834.7 5217.96 -0.0238246 -0.00176286 -0.00607921 7.11606 89.1748 35785.4 47104.2 -21.8894 -53.1962
32 602.543 41834.7 5217.95 -0.0238249 -0.00175941 -0.00610696 7.11606 89.1748 35785.4 47104.2 -21.8895 -53.1962
33 602.519 41834.7 5217.94 -0.0238251 -0.00175596 -0.00613471 7.11605 89.1749 35785.4 47104.2 -21.8895 -53.1962
34 602.495 41834.7 5217.94 -0.0238254 -0.00175251 -0.00616246 7.11604 89.1749 35785.4 47104.2 -21.8896 -53.1962
35 602.471 41834.7 5217.93 -0.0238256 -0.00174906 -0.00619021 7.11603 89.1749 35785.4 47104.2 -21.8896 -53.1962
36 602.448 41834.7 5217.93 -0.0238259 -0.00174561 -0.00621796 7.11602 89.175 35785.4 47104.2 -21.8897 -53.1962
37 602.424 41834.7 5217.92 -0.0238262 -0.00174215 -0.00624571 7.11602 89.175 35785.4 47104.2 -21.8897 -53.1962
38 602.4 41834.7 5217.91 -0.0238264 -0.0017387 -0.00627346 7.11601 89.175 35785.4 47104.2 -21.8898 -53.1962
39 602.376 41834.7 5217.91 -0.0238267 -0.00173525 -0.00630121 7.116 89.1751 35785.4 47104.2 -21.8898 -53.1962
40 602.352 41834.7 5217.9 -0.0238269 -0.0017318 -0.00632897 7.11599 89.1751 35785.4 47104.2 -21.8899 -53.1962
41 602.329 41834.7 5217.89 -0.0238272 -0.00172835 -0.00635672 7.11598 89.1751 35785.4 47104.2 -21.8899 -53.1962
42 602.305 41834.7 5217.89 -0.0238274 -0.0017249 -0.00638447 7.11598 89.1752 35785.4 47104.2 -21.89 -53.1962
43 602.281 41834.7 5217.88 -0.0238277 -0.00172144 -0.00641222 7.11597 89.1752 35785.4 47104.2 -21.89 -53.1962
44 602.257 41834.7 5217.88 -0.0238279 -0.00171799 -0.00643997 7.11596 89.1752 35785.4 47104.2 -21.8901 -53.1962
45 602.234 41834.7 5217.87 -0.0238282 -0.00171454 -0.00646772 7.11595 89.1753 35785.4 47104.2 -21.8901 -53.1962
46 602.21 41834.7 5217.86 -0.0238284 -0.00171109 -0.00649547 7.11594 89.1753 35785.4 47104.2 -21.8902 -53.1962
47 602.186 41834.7 5217.86 -0.0238287 -0.00170764 -0.00652322 7.11593 89.1753 35785.3 47104.2 -21.8902 -53.1962
48 602.162 41834.7 5217.85 -0.0238289 -0.00170419 -0.00655097 7.11593 89.1754 35785.3 47104.2 -21.8903 -53.1962
49 602.138 41834.7 5217.84 -0.0238292 -0.00170074 -0.00657872 7.11592 89.1754 35785.3 47104.2 -21.8903 -53.1962
50 602.115 41834.7 5217.84 -0.0238294 -0.00169728 -0.00660647 7.11591 89.1754 35785.3 47104.2 -21.8904 -53.1962
51 602.091 41834.7 5217.83 -0.0238297 -0.00169383 -0.00663422 7.1159 89.1754 35785.3 47104.2 -21.8904 -53.1962
52 602.067 41834.7 5217.82 -0.0238299 -0.00169038 -0.00666197 7.11589 89.1755 35785.3 47104.2 -21.8905 -53.1962
53 602.043 41834.7 5217.82 -0.0238302 -0.00168693 -0.00668972 7.11588 89.1755 35785.3 47104.2 -21.8905 -53.1962
54 602.02 41834.7 5217.81 -0.0238304 -0.00168348 -0.00671748 7.11587 89.1755 35785.3 47104.1 -21.8906 -53.1962
55 601.996 41834.7 5217.8 -0.0238307 -0.00168003 -0.00674523 7.11587 89.1756 35785.3 47104.1 -21.8906 -53.1962
56 601.972 41834.7 5217.8 -0.0238309 -0.00167658 -0.00677298 7.11586 89.1756 35785.3 47104.1 -21.8907 -53.1962
57 601.948 41834.7 5217.79 -0.0238311 -0.00167313 -0.00680073 7.11585 89.1756 35785.3 47104.1 -21.8907 -53.1962
58 601.924 41834.7 5217.78 -0.0238314 -0.00166967 -0.00682848 7.11584 89.1757 35785.3 47104.1 -21.8908 -53.1962
59 601.901 41834.7 5217.78 -0.0238316 -0.00166622 -0.00685623 7.11583 89.1757 35785.3 47104.1 -21.8908 -53.1962
60 601.877 41834.7 5217.77 -0.0238319 -0.00166277 -0.00688398 7.11582 89.1757 35785.3 47104.1 -21.8909 -53.1962
